x: 2.4991337805850242
n: 2
Series F(x): 0.84709
Math F(x): 0.84763
eps: 4.4e-03
mean: 0.14118190626547572
median: 0.021355523926118204
mode: 0.40013864314454956
variance: 0.05038710451697147
std_dev: 0.22447072084566277
